rnd=np.random.default_rng()
u=rnd.random(10)
v=rnd.random(10)
u=u*10
v=v*10

u
#rezultat toga: array([0.41943004, 4.94250904, 1.19983023, 7.44618359, 1.47307157,
#                      3.91455181, 8.8099934 , 1.11146232, 5.06475153, 0.96787623])

v
#rezultat toga: array([0.35152576, 7.43986771, 4.05253278, 1.53558225, 5.95751308,
#                      0.33680947, 5.3153367 , 5.49855192, 0.27666973, 2.42181004])

niz=np.zeros(20,)
niz[::2]=u
niz[1::2]=v

niz
rezultat toga: array([0.41943004, 0.35152576, 4.94250904, 7.43986771, 1.19983023,
#                     4.05253278, 7.44618359, 1.53558225, 1.47307157, 5.95751308,
#                     3.91455181, 0.33680947, 8.8099934 , 5.3153367 , 1.11146232,
#                     5.49855192, 5.06475153, 0.27666973, 0.96787623, 2.42181004])

----------------------------------------------------------------------------------------------------

a=np.linspace(0,5,51)

a
#rezultat toga: array([0. , 0.1, 0.2, 0.3, 0.4, 0.5, 0.6, 0.7, 0.8, 0.9, 1. , 1.1, 1.2,
#                      1.3, 1.4, 1.5, 1.6, 1.7, 1.8, 1.9, 2. , 2.1, 2.2, 2.3, 2.4, 2.5,
#                      2.6, 2.7, 2.8, 2.9, 3. , 3.1, 3.2, 3.3, 3.4, 3.5, 3.6, 3.7, 3.8,
#                      3.9, 4. , 4.1, 4.2, 4.3, 4.4, 4.5, 4.6, 4.7, 4.8, 4.9, 5. ])
                       
a=np.arctan(a**2)/(1+a**2)

a.sum()
#rezultat toga : 9.291617013826787


----------------------------------------------------------------------------------------------------

rng=np.random.default_rng()
M = rng.integers(-5,6,(7,7))
M
#rezultat toga : array([[ 4, -3,  3,  3,  2,  4,  0],
#                       [ 3, -4,  2,  2, -4,  4,  2],
#                       [ 1,  1, -4,  1, -4, -1,  4],
#                       [-1, -4, -3, -4,  5,  4, -3],
#                       [ 1,  5, -3, -3,  0,  3, -2],
#                       [ 5, -3, -4,  3,  2,  5, -2],
#                       [ 3,  1, -1,  3, -5,  5,  0]])
     
     
#a)
    M[:,1] += 1
    M
    #rezultat toga: array([[ 4, -2,  3,  3,  2,  4,  0],
    #                      [ 3, -3,  2,  2, -4,  4,  2],
    #                      [ 1,  2, -4,  1, -4, -1,  4],
    #                      [-1, -3, -3, -4,  5,  4, -3],
    #                      [ 1,  6, -3, -3,  0,  3, -2],
    #                      [ 5, -2, -4,  3,  2,  5, -2],
    #                      [ 3,  2, -1,  3, -5,  5,  0]])
         
         
#b)                           
    M[:,3]=M[0,:]
    M
    #rezultat toga: array([[ 4, -2,  3,  4,  2,  4,  0],
    #                      [ 3, -3,  2, -2, -4,  4,  2],
    #                      [ 1,  2, -4,  3, -4, -1,  4],
    #                      [-1, -3, -3,  3,  5,  4, -3],
    #                      [ 1,  6, -3,  2,  0,  3, -2],
    #                      [ 5, -2, -4,  4,  2,  5, -2],
    #                      [ 3,  2, -1,  0, -5,  5,  0]])
                           
    M[0,1]=5
    M
    #rezultat toga: array([[ 4,  5,  3,  4,  2,  4,  0],
    #                      [ 3, -3,  2, -2, -4,  4,  2],
    #                      [ 1,  2, -4,  3, -4, -1,  4],
    #                      [-1, -3, -3,  3,  5,  4, -3],
    #                      [ 1,  6, -3,  2,  0,  3, -2],
    #                      [ 5, -2, -4,  4,  2,  5, -2],
    #                      [ 3,  2, -1,  0, -5,  5,  0]])
        
        
 #v)
 
    temp = M[-3:,-3:].copy()
    temp
    #rezultat toga: array([[ 0,  3, -2],
                           [ 2,  5, -2],
                           [-5,  5,  0]])
                           
    M[-3:,-3:] = M[0:3,0:3]
    M[0:3,0:3] = temp
    M
    #rezultat toga: array([[ 0,  3, -2,  4,  2,  4,  0],
    #                      [ 2,  5, -2, -2, -4,  4,  2],
    #                      [-5,  5,  0,  3, -4, -1,  4],
    #                      [-1, -3, -3,  3,  5,  4, -3],
    #                      [ 1,  6, -3,  2,  4,  5,  3],
    #                      [ 5, -2, -4,  4,  3, -3,  2],
    #                      [ 3,  2, -1,  0,  1,  2, -4]])
    
    
    
  #g)   
    
      M[np.arange(0,7),np.arange(0,7)].max()
      #rezultat toga: 5
      
      
      
  #d)    
      
      M[:,1::2]=M[:,5::-2]
      M
      rezultat toga: array([[ 4,  4,  3,  3,  2,  -3,  0],
    #                       [ 3,  4,  2,  2, -4,  -4,  2],
    #                       [ 1, -1, -4,  1, -4,   1,  4],
    #                       [-1,  4, -3, -4,  5,  -4, -3],
    #                       [ 1,  3, -3, -3,  0,   5, -2],
    #                       [ 5,  5, -4,  3,  2,  -3, -2],
    #                       [ 3,  5, -1,  3, -5,   1,  0]])
     
