import numpy as np

a1=np.linspace(0,10,5)
a1

#rezultat:
#array([ 0. ,  2.5,  5. ,  7.5, 10. ])


a2=np.linspace(11,20,5)
a2

#array([11.  , 13.25, 15.5 , 17.75, 20.  ])


np.hstack((a1,a2,a1))

#array([ 0.  ,  2.5 ,  5.  ,  7.5 , 10.  , 11.  , 13.25, 15.5 , 17.75,
#      20.  ,  0.  ,  2.5 ,  5.  ,  7.5 , 10.  ])


np.vstack((a1,a2))

#array([[ 0.  ,  2.5 ,  5.  ,  7.5 , 10.  ],
#      [11.  , 13.25, 15.5 , 17.75, 20.  ]])


a3=np.zeros((6,))
a3

#array([0., 0., 0., 0., 0., 0.])


np.hstack((a1,a3))

#array([ 0. ,  2.5,  5. ,  7.5, 10. ,  0. ,  0. ,  0. ,  0. ,  0. ,  0. ])


m1=np.zeros((3,5))
m1

#array([[0., 0., 0., 0., 0.],
#      [0., 0., 0., 0., 0.],
#      [0., 0., 0., 0., 0.]])


m2=np.ones((7,5))
m2

#array([[1., 1., 1., 1., 1.],
#      [1., 1., 1., 1., 1.],
#      [1., 1., 1., 1., 1.],
#      [1., 1., 1., 1., 1.],
#      [1., 1., 1., 1., 1.],
#      [1., 1., 1., 1., 1.],
#      [1., 1., 1., 1., 1.]])


m3=np.ones((3,10))*2
m3

#array([[2., 2., 2., 2., 2., 2., 2., 2., 2., 2.],
#      [2., 2., 2., 2., 2., 2., 2., 2., 2., 2.],
#      [2., 2., 2., 2., 2., 2., 2., 2., 2., 2.]])


np.vstack((m1,m2))

#array([[0., 0., 0., 0., 0.],
#      [0., 0., 0., 0., 0.],
#      [0., 0., 0., 0., 0.],
#      [1., 1., 1., 1., 1.],
#      [1., 1., 1., 1., 1.],
#      [1., 1., 1., 1., 1.],
#      [1., 1., 1., 1., 1.],
#      [1., 1., 1., 1., 1.],
#      [1., 1., 1., 1., 1.],
#      [1., 1., 1., 1., 1.]])


np.hstack((m1,m3))

#array([[0., 0., 0., 0., 0., 2., 2., 2., 2., 2., 2., 2., 2., 2., 2.],
#      [0., 0., 0., 0., 0., 2., 2., 2., 2., 2., 2., 2., 2., 2., 2.],
#      [0., 0., 0., 0., 0., 2., 2., 2., 2., 2., 2., 2., 2., 2., 2.]])
