import numpy as np
import matplotlib.pyplot as plt
rng=np.random.default_rng()


n=1000
sample=rng.integers(1,7,n)


sample
#array([2, 6, 2, 4, 1, 3, 3, 6, 2, 6, 1, 1, 1, 1, 6, 3, 3, 6, 4, 5, 5, 2,
#       4, 2, 1, 6, 1, 5, 4, 6, 4, 2, 5, 3, 3, 6, 2, 3, 3, 3, 6, 2, 5, 3,
#       4, 6, 1, 4, 1, 2, 3, 1, 5, 4, 2, 4, 3, 6, 5, 5, 2, 6, 5, 1, 3, 1,
#       5, 3, 5, 6, 3, 5, 4, 6, 5, 5, 2, 1, 3, 6, 5, 4, 2, 4, 4, 5, 1, 3,
#       2, 5, 4, 6, 3, 6, 5, 2, 3, 6, 2, 1, 5, 5, 2, 1, 4, 2, 6, 3, 3, 2,
#       4, 6, 3, 4, 4, 2, 4, 3, 3, 1, 5, 5, 5, 1, 2, 4, 5, 4, 4, 3, 6, 4,
#       6, 4, 6, 1, 6, 1, 3, 4, 4, 4, 2, 4, 5, 1, 2, 1, 3, 3, 3, 3, 1, 5,
#       4, 3, 6, 3, 2, 3, 2, 2, 6, 6, 2, 3, 3, 2, 2, 2, 5, 2, 4, 1, 3, 5,
#       5, 2, 3, 6, 1, 6, 4, 5, 6, 6, 6, 1, 1, 2, 1, 4, 6, 1, 6, 1, 4, 5,
#       1, 2, 5, 1, 3, 5, 2, 4, 2, 2, 2, 6, 5, 2, 1, 4, 2, 2, 1, 1, 6, 3,
#       1, 1, 1, 6, 4, 4, 3, 4, 3, 3, 1, 2, 5, 5, 1, 6, 5, 3, 6, 3, 3, 1,
#       2, 2, 2, 6, 2, 6, 5, 1, 2, 3, 2, 4, 4, 5, 5, 1, 3, 2, 1, 4, 4, 3,
#       1, 1, 1, 2, 5, 5, 6, 4, 4, 5, 6, 2, 6, 2, 4, 2, 2, 4, 3, 1, 5, 1,
#       4, 6, 3, 6, 6, 6, 4, 2, 2, 3, 6, 1, 2, 4, 3, 5, 6, 3, 1, 2, 5, 6,
#       2, 4, 1, 4, 5, 3, 6, 3, 4, 2, 5, 3, 5, 3, 3, 2, 1, 1, 4, 1, 4, 5,
#       4, 2, 6, 4, 5, 2, 3, 4, 3, 5, 2, 5, 6, 1, 3, 4, 1, 3, 4, 2, 5, 4,
#       4, 6, 5, 5, 1, 3, 4, 1, 3, 4, 4, 6, 2, 5, 2, 6, 5, 3, 2, 4, 5, 3,
#       2, 6, 1, 5, 3, 6, 2, 6, 5, 4, 2, 5, 6, 5, 4, 3, 6, 4, 3, 1, 4, 6,
#       4, 2, 4, 2, 2, 6, 3, 2, 1, 6, 1, 2, 6, 3, 3, 6, 3, 5, 6, 5, 2, 2,
#       5, 3, 5, 1, 5, 6, 2, 3, 5, 1, 2, 3, 5, 3, 2, 6, 1, 2, 3, 5, 6, 5,
#       2, 6, 6, 4, 3, 1, 6, 2, 2, 2, 1, 5, 2, 5, 4, 5, 6, 4, 4, 4, 6, 1,
#       4, 1, 6, 2, 5, 1, 6, 4, 3, 4, 3, 5, 3, 4, 1, 5, 3, 1, 1, 4, 3, 4,
#       4, 1, 2, 3, 5, 2, 5, 4, 6, 4, 3, 5, 3, 1, 5, 4, 1, 4, 3, 6, 4, 3,
#       2, 5, 5, 4, 5, 6, 1, 3, 3, 5, 1, 2, 2, 3, 1, 4, 4, 5, 4, 1, 6, 6,
#      2, 1, 4, 2, 6, 3, 3, 2, 6, 2, 4, 1, 2, 3, 6, 6, 5, 1, 5, 1, 3, 5,
#       2, 2, 4, 2, 2, 3, 1, 3, 6, 5, 5, 4, 2, 5, 1, 1, 1, 1, 5, 3, 3, 2,
#       2, 2, 1, 5, 4, 5, 6, 1, 1, 6, 4, 1, 3, 2, 5, 2, 6, 3, 3, 6, 1, 5,
#       6, 1, 3, 4, 5, 6, 4, 4, 2, 1, 4, 1, 3, 3, 1, 1, 5, 4, 1, 3, 2, 2,
#       3, 3, 2, 2, 3, 3, 1, 2, 2, 4, 5, 3, 3, 2, 2, 3, 5, 6, 5, 5, 6, 4,
#      6, 5, 1, 3, 3, 2, 3, 3, 4, 2, 1, 4, 6, 1, 6, 1, 4, 3, 4, 1, 3, 4,
#       6, 4, 1, 2, 2, 2, 5, 4, 2, 4, 1, 2, 5, 5, 2, 6, 6, 6, 6, 5, 5, 3,
#       3, 6, 1, 1, 2, 5, 6, 2, 5, 5, 4, 1, 6, 6, 2, 4, 1, 5, 2, 4, 6, 3,
#       5, 2, 1, 2, 2, 1, 4, 4, 3, 4, 5, 1, 3, 4, 4, 2, 6, 5, 5, 3, 5, 6,
#       3, 6, 2, 1, 4, 1, 5, 6, 3, 4, 1, 2, 1, 3, 4, 4, 2, 1, 4, 4, 1, 6,
#       1, 5, 6, 5, 6, 2, 1, 3, 4, 3, 4, 5, 4, 6, 3, 5, 2, 5, 5, 3, 4, 6,
#       3, 5, 4, 2, 5, 6, 1, 2, 2, 6, 2, 5, 6, 1, 6, 5, 3, 2, 6, 1, 5, 6,
#       2, 6, 4, 5, 4, 1, 4, 3, 5, 4, 5, 6, 2, 4, 2, 5, 6, 6, 1, 6, 4, 2,
#       5, 3, 2, 2, 1, 4, 6, 1, 2, 2, 1, 3, 3, 1, 6, 6, 6, 3, 3, 6, 2, 2,
#       3, 5, 4, 1, 1, 6, 1, 1, 6, 6, 6, 4, 6, 1, 6, 5, 6, 1, 4, 2, 6, 5,
#       1, 1, 5, 4, 3, 6, 3, 1, 3, 4, 4, 6, 1, 5, 5, 4, 3, 4, 3, 1, 2, 2,
#       2, 1, 6, 1, 6, 6, 6, 1, 3, 5, 3, 2, 5, 1, 4, 1, 4, 5, 5, 5, 1, 3,
#       6, 2, 4, 5, 4, 2, 1, 3, 2, 3, 4, 3, 1, 2, 2, 6, 6, 1, 6, 1, 5, 6,
#       5, 2, 5, 3, 4, 6, 4, 3, 4, 4, 6, 6, 5, 6, 4, 6, 2, 2, 5, 5, 3, 6,
#       2, 2, 2, 1, 6, 4, 1, 2, 2, 5, 6, 2, 2, 6, 3, 2, 5, 4, 4, 1, 4, 1,
#       4, 2, 5, 6, 2, 1, 4, 1, 1, 6, 3, 5, 3, 5, 1, 5, 5, 5, 3, 4, 1, 5,
#      3, 6, 4, 3, 5, 2, 5, 3, 5, 2])




p=np.zeros(6)
for i in range(6):
  p[i] = sample[sample==i+1].size
print(p)


ocekivanje=np.average(sample)
ocekivanje_def=(np.arange(1,7)*p).sum()
disperzija=np.var(sample)
devijacija=np.std(sample)
disperzija_izvedenajednakost=np.average(sample**2)-ocekivanje**2
disperzija_def=np.average((sample-ocekivanje)**2)
devijacija_def=np.sqrt(disperzija)

#[163. 178. 163. 165. 166. 165.]


print("raspodela vrednosti slucajne promenljive:",p)
print("ocekivanje_def:",ocekivanje_def)
print("ocekivanje:",ocekivanje)
print("disperzija:",disperzija)
print("devijacija:",devijacija)
print("disperzija_def:",disperzija_def)
print("disperzija_izvedenajednakost:",disperzija_izvedenajednakost)
print("devijacija_def:",devijacija_def)

#raspodela vrednosti slucajne promenljive: [163. 178. 163. 165. 166. 165.]
#ocekivanje_def: 3488.0
#ocekivanje: 3.488
#disperzija: 2.9058559999999996
#devijacija: 1.7046571502797856
#disperzija_def: 2.9058559999999996
#disperzija_izvedenajednakost: 2.905856
#devijacija_def: 1.7046571502797856


np.histogram(sample,np.arange(0.5,7.5,1))
#(array([163, 178, 163, 165, 166, 165]),
# array([0.5, 1.5, 2.5, 3.5, 4.5, 5.5, 6.5]))


sample
#array([2, 6, 2, 4, 1, 3, 3, 6, 2, 6, 1, 1, 1, 1, 6, 3, 3, 6, 4, 5, 5, 2,
#       4, 2, 1, 6, 1, 5, 4, 6, 4, 2, 5, 3, 3, 6, 2, 3, 3, 3, 6, 2, 5, 3,
#       4, 6, 1, 4, 1, 2, 3, 1, 5, 4, 2, 4, 3, 6, 5, 5, 2, 6, 5, 1, 3, 1,
#       5, 3, 5, 6, 3, 5, 4, 6, 5, 5, 2, 1, 3, 6, 5, 4, 2, 4, 4, 5, 1, 3,
#       2, 5, 4, 6, 3, 6, 5, 2, 3, 6, 2, 1, 5, 5, 2, 1, 4, 2, 6, 3, 3, 2,
#       4, 6, 3, 4, 4, 2, 4, 3, 3, 1, 5, 5, 5, 1, 2, 4, 5, 4, 4, 3, 6, 4,
#       6, 4, 6, 1, 6, 1, 3, 4, 4, 4, 2, 4, 5, 1, 2, 1, 3, 3, 3, 3, 1, 5,
#       4, 3, 6, 3, 2, 3, 2, 2, 6, 6, 2, 3, 3, 2, 2, 2, 5, 2, 4, 1, 3, 5,
#       5, 2, 3, 6, 1, 6, 4, 5, 6, 6, 6, 1, 1, 2, 1, 4, 6, 1, 6, 1, 4, 5,
#       1, 2, 5, 1, 3, 5, 2, 4, 2, 2, 2, 6, 5, 2, 1, 4, 2, 2, 1, 1, 6, 3,
#      1, 1, 1, 6, 4, 4, 3, 4, 3, 3, 1, 2, 5, 5, 1, 6, 5, 3, 6, 3, 3, 1,
#       2, 2, 2, 6, 2, 6, 5, 1, 2, 3, 2, 4, 4, 5, 5, 1, 3, 2, 1, 4, 4, 3,
#       1, 1, 1, 2, 5, 5, 6, 4, 4, 5, 6, 2, 6, 2, 4, 2, 2, 4, 3, 1, 5, 1,
#       4, 6, 3, 6, 6, 6, 4, 2, 2, 3, 6, 1, 2, 4, 3, 5, 6, 3, 1, 2, 5, 6,
#       2, 4, 1, 4, 5, 3, 6, 3, 4, 2, 5, 3, 5, 3, 3, 2, 1, 1, 4, 1, 4, 5,
#       4, 2, 6, 4, 5, 2, 3, 4, 3, 5, 2, 5, 6, 1, 3, 4, 1, 3, 4, 2, 5, 4,
#       4, 6, 5, 5, 1, 3, 4, 1, 3, 4, 4, 6, 2, 5, 2, 6, 5, 3, 2, 4, 5, 3,
#       2, 6, 1, 5, 3, 6, 2, 6, 5, 4, 2, 5, 6, 5, 4, 3, 6, 4, 3, 1, 4, 6,
#       4, 2, 4, 2, 2, 6, 3, 2, 1, 6, 1, 2, 6, 3, 3, 6, 3, 5, 6, 5, 2, 2,
#       5, 3, 5, 1, 5, 6, 2, 3, 5, 1, 2, 3, 5, 3, 2, 6, 1, 2, 3, 5, 6, 5,
#       2, 6, 6, 4, 3, 1, 6, 2, 2, 2, 1, 5, 2, 5, 4, 5, 6, 4, 4, 4, 6, 1,
#       4, 1, 6, 2, 5, 1, 6, 4, 3, 4, 3, 5, 3, 4, 1, 5, 3, 1, 1, 4, 3, 4,
#       4, 1, 2, 3, 5, 2, 5, 4, 6, 4, 3, 5, 3, 1, 5, 4, 1, 4, 3, 6, 4, 3,
#       2, 5, 5, 4, 5, 6, 1, 3, 3, 5, 1, 2, 2, 3, 1, 4, 4, 5, 4, 1, 6, 6,
#       2, 1, 4, 2, 6, 3, 3, 2, 6, 2, 4, 1, 2, 3, 6, 6, 5, 1, 5, 1, 3, 5,
#       2, 2, 4, 2, 2, 3, 1, 3, 6, 5, 5, 4, 2, 5, 1, 1, 1, 1, 5, 3, 3, 2,
#       2, 2, 1, 5, 4, 5, 6, 1, 1, 6, 4, 1, 3, 2, 5, 2, 6, 3, 3, 6, 1, 5,
#       6, 1, 3, 4, 5, 6, 4, 4, 2, 1, 4, 1, 3, 3, 1, 1, 5, 4, 1, 3, 2, 2,
#       3, 3, 2, 2, 3, 3, 1, 2, 2, 4, 5, 3, 3, 2, 2, 3, 5, 6, 5, 5, 6, 4,
#       6, 5, 1, 3, 3, 2, 3, 3, 4, 2, 1, 4, 6, 1, 6, 1, 4, 3, 4, 1, 3, 4,
#       6, 4, 1, 2, 2, 2, 5, 4, 2, 4, 1, 2, 5, 5, 2, 6, 6, 6, 6, 5, 5, 3,
#       3, 6, 1, 1, 2, 5, 6, 2, 5, 5, 4, 1, 6, 6, 2, 4, 1, 5, 2, 4, 6, 3,
#       5, 2, 1, 2, 2, 1, 4, 4, 3, 4, 5, 1, 3, 4, 4, 2, 6, 5, 5, 3, 5, 6,
#       3, 6, 2, 1, 4, 1, 5, 6, 3, 4, 1, 2, 1, 3, 4, 4, 2, 1, 4, 4, 1, 6,
#       1, 5, 6, 5, 6, 2, 1, 3, 4, 3, 4, 5, 4, 6, 3, 5, 2, 5, 5, 3, 4, 6,
#       3, 5, 4, 2, 5, 6, 1, 2, 2, 6, 2, 5, 6, 1, 6, 5, 3, 2, 6, 1, 5, 6,
#       2, 6, 4, 5, 4, 1, 4, 3, 5, 4, 5, 6, 2, 4, 2, 5, 6, 6, 1, 6, 4, 2,
#       5, 3, 2, 2, 1, 4, 6, 1, 2, 2, 1, 3, 3, 1, 6, 6, 6, 3, 3, 6, 2, 2,
#       3, 5, 4, 1, 1, 6, 1, 1, 6, 6, 6, 4, 6, 1, 6, 5, 6, 1, 4, 2, 6, 5,
#       1, 1, 5, 4, 3, 6, 3, 1, 3, 4, 4, 6, 1, 5, 5, 4, 3, 4, 3, 1, 2, 2,
#       2, 1, 6, 1, 6, 6, 6, 1, 3, 5, 3, 2, 5, 1, 4, 1, 4, 5, 5, 5, 1, 3,
#       6, 2, 4, 5, 4, 2, 1, 3, 2, 3, 4, 3, 1, 2, 2, 6, 6, 1, 6, 1, 5, 6,
#      5, 2, 5, 3, 4, 6, 4, 3, 4, 4, 6, 6, 5, 6, 4, 6, 2, 2, 5, 5, 3, 6,
#       2, 2, 2, 1, 6, 4, 1, 2, 2, 5, 6, 2, 2, 6, 3, 2, 5, 4, 4, 1, 4, 1,
#       4, 2, 5, 6, 2, 1, 4, 1, 1, 6, 3, 5, 3, 5, 1, 5, 5, 5, 3, 4, 1, 5,
#       3, 6, 4, 3, 5, 2, 5, 3, 5, 2])



np.histogram(sample,np.arange(1,8), density=True)
#(array([0.163, 0.178, 0.163, 0.165, 0.166, 0.165]),
# array([1, 2, 3, 4, 5, 6, 7]))
